29408
30208
29984
30592
30464
30464
29728
30848
30208
30208
30560
